10 2e-05 8.00000000001e-05 3.99999999999e-05
20 0.00032 0.00032 0.00036
30 0.0008 0.0008 0.00116
40 0.00158 0.00154 0.0027
50 0.00272 0.00254 0.00526
60 0.00406 0.00394 0.00922
70 0.0056 0.00556 0.0148
80 0.00764 0.00762 0.02242
90 0.01 0.01004 0.03244
100 0.01268 0.0128 0.04514
110 0.01582 0.01574 0.06096
120 0.01932 0.01918 0.08032
130 0.023 0.023 0.1034
140 0.0274 0.02712 0.13072
150 0.0317 0.03168 0.16254
160 0.03662 0.03664 0.19938
170 0.04188 0.04184 0.24154
180 0.04766 0.04764 0.28952
190 0.05378 0.05376 0.34428
200 0.06028 0.06014 0.40594
