10 1.99999999999533877e-05 7.99999999999556627e-05 6.00000000000022716e-05
20 0.000320000000000106874 0.000319999999999964735 0.0003800000000001092
30 0.000799999999999982691 0.000739999999999980474 0.00120000000000004521
40 0.00153999999999996327 0.00154000000000010509 0.00276000000000010525
50 0.00260000000000005062 0.0025599999999998597 0.00536000000000016
60 0.00396000000000000692 0.00390000000000014727 0.00932000000000002271
70 0.00561999999999969121 0.00559999999999988 0.014959999999999956
80 0.00760000000000005116 0.00762000000000000611 0.0226000000000000437
90 0.00999999999999999847 0.00998000000000004439 0.0326399999999999607
100 0.0127000000000001 0.0126999999999999579 0.0453600000000000322
